40000 40000
100
811 25834 29141 8751
1584 36138 7522 2085
1853 2007 3 5951
1856 7895 3 26120
1859 1632 3 21487
1862 14939 12653 17844
2400 659 36732 11364
3134 27428 24978 3771
4794 11685 3 14171
4797 18657 3055 9087
5281 4869 3501 6933
5627 1104 27799 3008
5760 35706 14535 2094
5787 18357 3 10496
5790 17937 3 7886
5793 209 3 26535
5796 158 3 17936
5799 17908 5616 2990
7209 7185 3 9264
7212 13575 7032 6556
8681 24646 3 15129
8684 25088 27797 5003
9680 4063 19249 17508
9913 34012 24076 637
11011 28015 4998 4356
11371 35223 3 3015
11374 26936 3 12510
11377 17275 3 20867
11380 20388 2019 11734
13415 7904 3988 444
13543 23313 3 8929
13546 17878 23959 14949
13734 6908 11732 4333
13911 20831 3 11034
13914 20504 14375 14678
15008 38179 12476 346
16420 18202 3 12805
16423 27201 3 7650
16426 26258 15155 1466
17262 6209 13028 844
18195 25667 20894 1174
18738 34487 6204 264
18899 11170 15707 9059
18935 31828 18238 3128
19142 9755 3 13744
19145 892 7606 16703
19884 32651 19807 2057
20353 6952 3 22188
20356 10787 3 23704
20359 31008 3 1854
20362 31870 3 1436
20365 8308 8002 24939
22754 38150 8109 1375
23215 4513 14 29603
24343 35680 14932 641
24530 27379 3 919
24533 22098 13942 17383
24905 4940 1285 5647
25416 13255 3 20378
25419 18859 3 18318
25422 25208 5492 8036
26057 5867 11218 7347
26461 27755 12920 8047
26939 39896 9002 0
27006 24215 3 11373
27009 14332 3 14841
27012 19368 8325 18420
28679 2355 2751 1380
28911 12020 3 27522
28914 26479 298 1402
29586 37963 7038 1560
29920 20368 1854 4129
30627 29907 3 9498
30630 24346 8292 11550
31552 39796 2908 9
31681 35695 6266 544
31848 8677 3685 19446
31883 34738 6229 3457
32074 9191 3 18295
32077 4440 3 10849
32080 8599 5074 18370
32877 35206 4340 2175
33317 31918 3034 2710
33712 21659 928 5256
34011 38416 159 522
34321 13840 2538 21367
34336 5257 3 6797
34339 2137 3 25749
34342 20368 3391 3020
36149 12347 3493 5539
36407 34297 3 1880
36410 32079 3 5537
36413 17086 3 22127
36416 26796 25 5009
36838 7773 32 4407
36981 28880 2574 8995
37645 17362 1553 6032
38026 31254 301 788
38300 27467 598 1671
39524 35373 107 3114
